3.811000       90.000000
3.811000        0.000000
3.811000       15.000000
3.811000       30.000000
3.811000       45.000000
3.811000       60.000000
3.811000       65.000000
3.811000       70.000000
3.811000       75.000000
3.811000       80.000000
3.811000       82.500000
3.811000       85.000000
3.811000       87.500000
3.814631       92.500000
3.825557       95.000000
3.843885       97.500000
3.869791      100.000000
3.903529      102.500000
3.945438      105.000000
3.995944      107.500000
4.055581      110.000000
4.124997      112.500000
4.204973      115.000000
4.296453      117.500000
4.400564      120.000000
4.518661      122.500000
4.652372      125.000000
4.803660      127.500000
4.974907      130.000000
5.169018      132.500000
5.389568      135.000000
5.640994      137.500000
5.928864      140.000000
6.260252      142.500000
6.644276      145.000000
7.092877      147.500000
7.622000      150.000000
8.253409      152.500000
9.017594      155.000000
9.958623      157.500000
11.142619     160.000000
12.673517     162.500000
14.724573     165.000000
14.960627     167.500000
18.865730     167.500000
23.790164     167.500000
14.831321     170.000000
18.756867     170.000000
23.721425     170.000000
14.732035     172.500000
18.673063     172.500000
23.668373     172.500000
14.661793     175.000000
18.613661     175.000000
23.630697     175.000000
14.619915     177.500000
18.578201     177.500000
23.608177     177.500000
14.606000     180.000000
18.566411     180.000000
23.600685     180.000000
4.166598       90.000000
4.983045        0.000000
4.983045       15.000000
4.983045       30.000000
4.556572       45.000000
4.556572       60.000000
4.556572       65.000000
4.556572       70.000000
4.556572       75.000000
4.166598       80.000000
4.166598       82.500000
4.166598       85.000000
4.166598       87.500000
4.170567       92.500000
4.182514       95.000000
4.202551       97.500000
4.230874      100.000000
4.267761      102.500000
4.717310      105.000000
4.777698      107.500000
4.849002      110.000000
4.931998      112.500000
5.027621      115.000000
5.136997      117.500000
5.261476      120.000000
5.402677      122.500000
5.562547      125.000000
5.743433      127.500000
5.948182      130.000000
6.180268      132.500000
6.443965      135.000000
6.744579      137.500000
7.088767      140.000000
7.484987      142.500000
7.944140      145.000000
8.480504      147.500000
9.113143      150.000000
9.868079      152.500000
10.781767     155.000000
11.906896     157.500000
13.322524     160.000000
15.152922     162.500000
17.605241     165.000000
4.556572       90.000000
6.517254        0.000000
6.517254       15.000000
6.517254       30.000000
5.449434       45.000000
5.449434       60.000000
5.449434       65.000000
5.449434       70.000000
5.449434       75.000000
4.556572       80.000000
4.556572       82.500000
4.556572       85.000000
4.556572       87.500000
4.560913       92.500000
4.573977       95.000000
4.595890       97.500000
4.626864      100.000000
4.667203      102.500000
5.641670      105.000000
5.713891      107.500000
5.799167      110.000000
5.898425      112.500000
6.012786      115.000000
6.143594      117.500000
6.292465      120.000000
6.461335      122.500000
6.652531      125.000000
6.868862      127.500000
7.113731      130.000000
7.391295      132.500000
7.706664      135.000000
8.066183      137.500000
8.477815      140.000000
8.951675      142.500000
9.500799      145.000000
10.142264     147.500000
10.898869     150.000000
11.801734     152.500000
12.894460     155.000000
14.240058     157.500000
15.933080     160.000000
18.122146     162.500000
21.054998     165.000000
4.983045       90.000000
8.523824        0.000000
8.523824       15.000000
8.523824       30.000000
6.517254       45.000000
6.517254       60.000000
6.517254       65.000000
6.517254       70.000000
6.517254       75.000000
4.983045       80.000000
4.983045       82.500000
4.983045       85.000000
4.983045       87.500000
4.987792       92.500000
5.002080       95.000000
5.026044       97.500000
5.059917      100.000000
5.104031      102.500000
6.747158      105.000000
6.833531      107.500000
6.935517      110.000000
7.054225      112.500000
7.190994      115.000000
7.347435      117.500000
7.525477      120.000000
7.727437      122.500000
7.956098      125.000000
8.214819      127.500000
8.507671      130.000000
8.839624      132.500000
9.216789      135.000000
9.646756      137.500000
10.139048     140.000000
10.705761     142.500000
11.362486     145.000000
12.129646     147.500000
13.034508     150.000000
14.114291     152.500000
15.421137     155.000000
17.030406     157.500000
19.055176     160.000000
21.673191     162.500000
25.180736     165.000000
5.449434       90.000000
11.148189       0.000000
11.148189      15.000000
11.148189      30.000000
7.794314       45.000000
7.794314       60.000000
7.794314       65.000000
7.794314       70.000000
7.794314       75.000000
5.449434       80.000000
5.449434       82.500000
5.449434       85.000000
5.449434       87.500000
5.454626       92.500000
5.470250       95.000000
5.496457       97.500000
5.533501      100.000000
5.581744      102.500000
8.069267      105.000000
8.172565      107.500000
8.294535      110.000000
8.436504      112.500000
8.600074      115.000000
8.787169      117.500000
9.000098      120.000000
9.241632      122.500000
9.515100      125.000000
9.824517      127.500000
10.174754     130.000000
10.571753     132.500000
11.022824     135.000000
11.537044     137.500000
12.125800     140.000000
12.803560     142.500000
13.588971     145.000000
14.506457     147.500000
15.588628     150.000000
16.879994     152.500000
18.442918     155.000000
20.367523     157.500000
22.789049     160.000000
25.920065     162.500000
5.959476       90.000000
14.580559       0.000000
14.580559      15.000000
14.580559      30.000000
9.321614       45.000000
9.321614       60.000000
9.321614       65.000000
9.321614       70.000000
9.321614       75.000000
5.959476       80.000000
5.959476       82.500000
5.959476       85.000000
5.959476       87.500000
5.965153       92.500000
5.982240       95.000000
6.010900       97.500000
6.051410      100.000000
6.104169      102.500000
9.650445      105.000000
9.773984      107.500000
9.919854      110.000000
10.089642     112.500000
10.285263     115.000000
10.509019     117.500000
10.763673     120.000000
11.052536     122.500000
11.379589     125.000000
11.749637     127.500000
12.168503     130.000000
12.643294     132.500000
13.182753     135.000000
13.797734     137.500000
14.501857     140.000000
15.312425     142.500000
16.251738     145.000000
17.349006     147.500000
18.643228     150.000000
20.187638     152.500000
22.056818     155.000000
24.358551     157.500000
27.254576     160.000000
6.517254       90.000000
19.069707       0.000000
19.069707      15.000000
19.069707      30.000000
11.148189      45.000000
11.148189      60.000000
11.148189      65.000000
11.148189      70.000000
11.148189      75.000000
6.517254       80.000000
6.517254       82.500000
6.517254       85.000000
6.517254       87.500000
6.523463       92.500000
6.542149       95.000000
6.573491       97.500000
6.617793      100.000000
6.675490      102.500000
11.541455     105.000000
11.689201     107.500000
11.863655     110.000000
12.066713     112.500000
12.300666     115.000000
12.568268     117.500000
12.872820     120.000000
13.218286     122.500000
13.609426     125.000000
14.051985     127.500000
14.552928     130.000000
15.120754     132.500000
15.765921     135.000000
16.501408     137.500000
17.343504     140.000000
18.312904     142.500000
19.436275     145.000000
20.748553     147.500000
22.296379     150.000000
24.143417     152.500000
26.378863     155.000000
7.127238       90.000000
24.941000       0.000000
24.941000      15.000000
24.941000      30.000000
13.332683      45.000000
13.332683      60.000000
13.332683      65.000000
13.332683      70.000000
13.332683      75.000000
7.127238       80.000000
7.127238       82.500000
7.127238       85.000000
7.127238       87.500000
7.134028       92.500000
7.154463       95.000000
7.188739       97.500000
7.237187      100.000000
7.300284      102.500000
13.803010     105.000000
13.979707     107.500000
14.188345     110.000000
14.431193     112.500000
14.710988     115.000000
15.031027     117.500000
15.395257     120.000000
15.808417     122.500000
16.276201     125.000000
16.805480     127.500000
17.404582     130.000000
18.083675     132.500000
18.855262     135.000000
19.734868     137.500000
20.741973     140.000000
21.901327     142.500000
23.244824     145.000000
24.814244     147.500000
26.665367     150.000000
7.794314       90.000000
15.945230      45.000000
15.945230      60.000000
15.945230      65.000000
15.945230      70.000000
15.945230      75.000000
7.794314       80.000000
7.794314       82.500000
7.794314       85.000000
7.794314       87.500000
7.801739       92.500000
7.824087       95.000000
7.861571       97.500000
7.914554      100.000000
7.983556      102.500000
16.507717     105.000000
16.719038     107.500000
16.968560     110.000000
17.258993     112.500000
17.593615     115.000000
17.976365     117.500000
18.411966     120.000000
18.906085     122.500000
19.465532     125.000000
20.098523     127.500000
20.815020     130.000000
21.627181     132.500000
22.549961     135.000000
23.601926     137.500000
24.806375     140.000000
26.192905     142.500000
8.523824       90.000000
19.069707      45.000000
19.069707      60.000000
19.069707      65.000000
19.069707      70.000000
19.069707      75.000000
8.523824       80.000000
8.523824       82.500000
8.523824       85.000000
8.523824       87.500000
8.531945       92.500000
8.556384       95.000000
8.597376       97.500000
8.655318      100.000000
8.730779      102.500000
19.742413     105.000000
19.995143     107.500000
20.293558     110.000000
20.640902     112.500000
21.041094     115.000000
21.498843     117.500000
22.019801     120.000000
22.610743     122.500000
23.279814     125.000000
24.036840     127.500000
24.893735     130.000000
25.865039     132.500000
26.968638     135.000000
9.321614       90.000000
22.806427      45.000000
22.806427      60.000000
22.806427      65.000000
22.806427      70.000000
22.806427      75.000000
9.321614       80.000000
9.321614       82.500000
9.321614       85.000000
9.321614       87.500000
9.330495       92.500000
9.357221       95.000000
9.402050       97.500000
9.465415      100.000000
9.547938      102.500000
23.610951     105.000000
23.913203     107.500000
24.270093     110.000000
24.685499     112.500000
25.164108     115.000000
25.711554     117.500000
26.334593     120.000000
27.041331     122.500000
10.194073      90.000000
27.275359      45.000000
27.275359      60.000000
27.275359      65.000000
27.275359      70.000000
27.275359      75.000000
10.194073      80.000000
10.194073      82.500000
10.194073      85.000000
10.194073      87.500000
10.203784      92.500000
10.233012      95.000000
10.282037      97.500000
10.351333     100.000000
10.441580     102.500000
11.148189      90.000000
11.148189      80.000000
11.148189      82.500000
11.148189      85.000000
11.148189      87.500000
11.158810      92.500000
11.190774      95.000000
11.244387      97.500000
11.320168     100.000000
11.418862     102.500000
12.191607      90.000000
12.191607      80.000000
12.191607      82.500000
12.191607      85.000000
12.191607      87.500000
12.203222      92.500000
12.238177      95.000000
12.296808      97.500000
12.379682     100.000000
12.487613     102.500000
13.332683      90.000000
13.332683      80.000000
13.332683      82.500000
13.332683      85.000000
13.332683      87.500000
13.345385      92.500000
13.383612      95.000000
13.447731      97.500000
13.538362     100.000000
13.656394     102.500000
14.580559      90.000000
14.580559      80.000000
14.580559      82.500000
14.580559      85.000000
14.580559      87.500000
14.594450      92.500000
14.636255      95.000000
14.706374      97.500000
14.805488     100.000000
14.934568     102.500000
15.945230      90.000000
15.945230      80.000000
15.945230      82.500000
15.945230      85.000000
15.945230      87.500000
15.960421      92.500000
16.006138      95.000000
16.082821      97.500000
16.191211     100.000000
16.332373     102.500000
17.437628      90.000000
17.437628      80.000000
17.437628      82.500000
17.437628      85.000000
17.437628      87.500000
17.454241      92.500000
17.504237      95.000000
17.588097      97.500000
17.706631     100.000000
17.861005     102.500000
19.069707      90.000000
19.069707      80.000000
19.069707      82.500000
19.069707      85.000000
19.069707      87.500000
19.087874      92.500000
19.142550      95.000000
19.234259      97.500000
19.363888     100.000000
19.532710     102.500000
20.854541      90.000000
20.854541      80.000000
20.854541      82.500000
20.854541      85.000000
20.854541      87.500000
20.874409      92.500000
20.934202      95.000000
21.034494      97.500000
21.176256     100.000000
21.360879     102.500000
22.806427      90.000000
22.806427      80.000000
22.806427      82.500000
22.806427      85.000000
22.806427      87.500000
22.828154      92.500000
22.893544      95.000000
23.003223      97.500000
23.158253     100.000000
23.360156     102.500000
24.941000      90.000000
24.941000      80.000000
24.941000      82.500000
24.941000      85.000000
24.941000      87.500000
24.964761      92.500000
25.036271      95.000000
25.156215      97.500000
25.325755     100.000000
25.546555     102.500000
27.275359      90.000000
27.275359      80.000000
27.275359      82.500000
27.275359      85.000000
27.275359      87.500000
27.301344      92.500000
27.379546      95.000000
0.100000        0.000000
0.100000       15.000000
0.100000       30.000000
0.100000       45.000000
0.100000       60.000000
0.100000       65.000000
0.100000       70.000000
0.100000       75.000000
0.100000       80.000000
0.100000       82.500000
0.100000       85.000000
0.100000       87.500000
0.100000       90.000000
2.913098        0.000000
2.913098       15.000000
2.913098       30.000000
2.913098       45.000000
2.913098       60.000000
2.913098       65.000000
2.913098       70.000000
2.913098       75.000000
2.913098       80.000000
2.913098       82.500000
2.913098       85.000000
2.913098       87.500000
2.913098       90.000000
2.227334        0.000000
2.227334       15.000000
2.227334       30.000000
2.227334       45.000000
2.227334       60.000000
2.227334       65.000000
2.227334       70.000000
2.227334       75.000000
2.227334       80.000000
2.227334       82.500000
2.227334       85.000000
2.227334       87.500000
2.227334       90.000000
1.703003        0.000000
1.703003       15.000000
1.703003       30.000000
1.703003       45.000000
1.703003       60.000000
1.703003       65.000000
1.703003       70.000000
1.703003       75.000000
1.703003       80.000000
1.703003       82.500000
1.703003       85.000000
1.703003       87.500000
1.703003       90.000000
1.302104        0.000000
1.302104       15.000000
1.302104       30.000000
1.302104       45.000000
1.302104       60.000000
1.302104       65.000000
1.302104       70.000000
1.302104       75.000000
1.302104       80.000000
1.302104       82.500000
1.302104       85.000000
1.302104       87.500000
1.302104       90.000000
0.995579        0.000000
0.995579       15.000000
0.995579       30.000000
0.995579       45.000000
0.995579       60.000000
0.995579       65.000000
0.995579       70.000000
0.995579       75.000000
0.995579       80.000000
0.995579       82.500000
0.995579       85.000000
0.995579       87.500000
0.995579       90.000000
0.761213        0.000000
0.761213       15.000000
0.761213       30.000000
0.761213       45.000000
0.761213       60.000000
0.761213       65.000000
0.761213       70.000000
0.761213       75.000000
0.761213       80.000000
0.761213       82.500000
0.761213       85.000000
0.761213       87.500000
0.761213       90.000000
0.582018        0.000000
0.582018       15.000000
0.582018       30.000000
0.582018       45.000000
0.582018       60.000000
0.582018       65.000000
0.582018       70.000000
0.582018       75.000000
0.582018       80.000000
0.582018       82.500000
0.582018       85.000000
0.582018       87.500000
0.582018       90.000000
0.445006        0.000000
0.445006       15.000000
0.445006       30.000000
0.445006       45.000000
0.445006       60.000000
0.445006       65.000000
0.445006       70.000000
0.445006       75.000000
0.445006       80.000000
0.445006       82.500000
0.445006       85.000000
0.445006       87.500000
0.445006       90.000000
0.340249        0.000000
0.340249       15.000000
0.340249       30.000000
0.340249       45.000000
0.340249       60.000000
0.340249       65.000000
0.340249       70.000000
0.340249       75.000000
0.340249       80.000000
0.340249       82.500000
0.340249       85.000000
0.340249       87.500000
0.340249       90.000000
0.260152        0.000000
0.260152       15.000000
0.260152       30.000000
0.260152       45.000000
0.260152       60.000000
0.260152       65.000000
0.260152       70.000000
0.260152       75.000000
0.260152       80.000000
0.260152       82.500000
0.260152       85.000000
0.260152       87.500000
0.260152       90.000000
0.198910        0.000000
0.198910       15.000000
0.198910       30.000000
0.198910       45.000000
0.198910       60.000000
0.198910       65.000000
0.198910       70.000000
0.198910       75.000000
0.198910       80.000000
0.198910       82.500000
0.198910       85.000000
0.198910       87.500000
0.198910       90.000000
0.152085        0.000000
0.152085       15.000000
0.152085       30.000000
0.152085       45.000000
0.152085       60.000000
0.152085       65.000000
0.152085       70.000000
0.152085       75.000000
0.152085       80.000000
0.152085       82.500000
0.152085       85.000000
0.152085       87.500000
0.152085       90.000000
0.116283        0.000000
0.116283       15.000000
0.116283       30.000000
0.116283       45.000000
0.116283       60.000000
0.116283       65.000000
0.116283       70.000000
0.116283       75.000000
0.116283       80.000000
0.116283       82.500000
0.116283       85.000000
0.116283       87.500000
0.116283       90.000000
30.000000       0.000000
30.000000      15.000000
30.000000      30.000000
30.000000      45.000000
30.000000      60.000000
30.000000      65.000000
30.000000      70.000000
30.000000      75.000000
30.000000      80.000000
30.000000      82.500000
30.000000      85.000000
30.000000      87.500000
30.000000      90.000000
30.000000     180.000000
30.000000     177.500000
30.000000     175.000000
30.000000     172.500000
30.000000     170.000000
30.000000     167.500000
30.000000     165.000000
30.000000     162.500000
30.000000     160.000000
30.000000     157.500000
30.000000     155.000000
30.000000     152.500000
30.000000     150.000000
30.000000     147.500000
30.000000     145.000000
30.000000     142.500000
30.000000     140.000000
30.000000     137.500000
30.000000     135.000000
30.000000     132.500000
30.000000     130.000000
30.000000     127.500000
30.000000     125.000000
30.000000     122.500000
30.000000     120.000000
30.000000     117.500000
30.000000     115.000000
30.000000     112.500000
30.000000     110.000000
30.000000     107.500000
30.000000     105.000000
30.000000     102.500000
30.000000     100.000000
30.000000      97.500000
30.000000      95.000000
30.000000      92.500000
54.471000       0.000000
54.471000     180.000000
54.471000      15.000000
54.471000     165.000000
54.471000      30.000000
54.471000     150.000000
54.471000      45.000000
54.471000     135.000000
54.471000      60.000000
54.471000     120.000000
54.471000      75.000000
54.471000     105.000000
54.471000      80.000000
54.471000     100.000000
54.471000      85.000000
54.471000      95.000000
54.471000      87.500000
54.471000      92.500000
54.471000      90.000000
98.902994       0.000000
98.902994     180.000000
98.902994      15.000000
98.902994     165.000000
98.902994      30.000000
98.902994     150.000000
98.902994      45.000000
98.902994     135.000000
98.902994      60.000000
98.902994     120.000000
98.902994      75.000000
98.902994     105.000000
98.902994      80.000000
98.902994     100.000000
98.902994      85.000000
98.902994      95.000000
98.902994      87.500000
98.902994      92.500000
98.902994      90.000000
179.578164      0.000000
179.578164    180.000000
179.578164     15.000000
179.578164    165.000000
179.578164     30.000000
179.578164    150.000000
179.578164     45.000000
179.578164    135.000000
179.578164     60.000000
179.578164    120.000000
179.578164     75.000000
179.578164    105.000000
179.578164     80.000000
179.578164    100.000000
179.578164     85.000000
179.578164     95.000000
179.578164     87.500000
179.578164     92.500000
179.578164     90.000000
326.060071      0.000000
326.060071    180.000000
326.060071     15.000000
326.060071    165.000000
326.060071     30.000000
326.060071    150.000000
326.060071     45.000000
326.060071    135.000000
326.060071     60.000000
326.060071    120.000000
326.060071     75.000000
326.060071    105.000000
326.060071     80.000000
326.060071    100.000000
326.060071     85.000000
326.060071     95.000000
326.060071     87.500000
326.060071     92.500000
326.060071     90.000000
592.027268      0.000000
592.027268    180.000000
592.027268     15.000000
592.027268    165.000000
592.027268     30.000000
592.027268    150.000000
592.027268     45.000000
592.027268    135.000000
592.027268     60.000000
592.027268    120.000000
592.027268     75.000000
592.027268    105.000000
592.027268     80.000000
592.027268    100.000000
592.027268     85.000000
592.027268     95.000000
592.027268     87.500000
592.027268     92.500000
592.027268     90.000000
1074.943904     0.000000
1074.943904   180.000000
1074.943904    15.000000
1074.943904   165.000000
1074.943904    30.000000
1074.943904   150.000000
1074.943904    45.000000
1074.943904   135.000000
1074.943904    60.000000
1074.943904   120.000000
1074.943904    75.000000
1074.943904   105.000000
1074.943904    80.000000
1074.943904   100.000000
1074.943904    85.000000
1074.943904    95.000000
1074.943904    87.500000
1074.943904    92.500000
1074.943904    90.000000
1951.775636     0.000000
1951.775636   180.000000
1951.775636    15.000000
1951.775636   165.000000
1951.775636    30.000000
1951.775636   150.000000
1951.775636    45.000000
1951.775636   135.000000
1951.775636    60.000000
1951.775636   120.000000
1951.775636    75.000000
1951.775636   105.000000
1951.775636    80.000000
1951.775636   100.000000
1951.775636    85.000000
1951.775636    95.000000
1951.775636    87.500000
1951.775636    92.500000
1951.775636    90.000000
3543.839003     0.000000
3543.839003   180.000000
3543.839003    15.000000
3543.839003   165.000000
3543.839003    30.000000
3543.839003   150.000000
3543.839003    45.000000
3543.839003   135.000000
3543.839003    60.000000
3543.839003   120.000000
3543.839003    75.000000
3543.839003   105.000000
3543.839003    80.000000
3543.839003   100.000000
3543.839003    85.000000
3543.839003    95.000000
3543.839003    87.500000
3543.839003    92.500000
3543.839003    90.000000
6434.548440     0.000000
6434.548440   180.000000
6434.548440    15.000000
6434.548440   165.000000
6434.548440    30.000000
6434.548440   150.000000
6434.548440    45.000000
6434.548440   135.000000
6434.548440    60.000000
6434.548440   120.000000
6434.548440    75.000000
6434.548440   105.000000
6434.548440    80.000000
6434.548440   100.000000
6434.548440    85.000000
6434.548440    95.000000
6434.548440    87.500000
6434.548440    92.500000
6434.548440    90.000000
11683.209537    0.000000
11683.209537  180.000000
11683.209537   15.000000
11683.209537  165.000000
11683.209537   30.000000
11683.209537  150.000000
11683.209537   45.000000
11683.209537  135.000000
11683.209537   60.000000
11683.209537  120.000000
11683.209537   75.000000
11683.209537  105.000000
11683.209537   80.000000
11683.209537  100.000000
11683.209537   85.000000
11683.209537   95.000000
11683.209537   87.500000
11683.209537   92.500000
11683.209537   90.000000
21213.203436    0.000000
21213.203436  180.000000
21213.203436   15.000000
21213.203436  165.000000
21213.203436   30.000000
21213.203436  150.000000
21213.203436   45.000000
21213.203436  135.000000
21213.203436   60.000000
21213.203436  120.000000
21213.203436   75.000000
21213.203436  105.000000
21213.203436   80.000000
21213.203436  100.000000
21213.203436   85.000000
21213.203436   95.000000
21213.203436   87.500000
21213.203436   92.500000
21213.203436   90.000000
38516.813259    0.000000
38516.813259  180.000000
38516.813259   15.000000
38516.813259  165.000000
38516.813259   30.000000
38516.813259  150.000000
38516.813259   45.000000
38516.813259  135.000000
38516.813259   60.000000
38516.813259  120.000000
38516.813259   75.000000
38516.813259  105.000000
38516.813259   80.000000
38516.813259  100.000000
38516.813259   85.000000
38516.813259   95.000000
38516.813259   87.500000
38516.813259   92.500000
38516.813259   90.000000
50000.000000    0.000000
50000.000000  180.000000
50000.000000   15.000000
50000.000000  165.000000
50000.000000   30.000000
50000.000000  150.000000
50000.000000   45.000000
50000.000000  135.000000
50000.000000   60.000000
50000.000000  120.000000
50000.000000   75.000000
50000.000000  105.000000
50000.000000   80.000000
50000.000000  100.000000
50000.000000   85.000000
50000.000000   95.000000
50000.000000   87.500000
50000.000000   92.500000
50000.000000   90.000000
